800
810.1476923
820.2584615
830.2953846
840.2215385
850
859.6307692
869.2615385
879.0769231
889.2615385
900
911.2492308
922.0553846
931.2369231
937.6123077
940
933.049365
926.0863887
919.09873
912.0740475
905
897.3165875
886.2731751
868.5714689
840.9131751
800
744.1242848
677.9409109
607.6953946
539.6332522
480
433.3862731
397.7631812
369.4469528
344.7538163
320
292.3706227
262.5263641
231.9967942
202.3114828
175
151.251236
130.8913622
113.4058704
98.28025244
85
73.14443341
62.66818713
53.61972414
46.04750743
40
35.45103038
32.0758893
29.47523303
27.24971784
25
22.41144505
19.50825566
16.39934373
13.1936212
10
6.943189399
4.211088074
2.007392049
0.53579735
0
0
0
0
0
0
0
0
0
0
0
0
0
0
0
0
0
0
0
0
0
0
0
0
0